subarray_read_energy: 3.54159
subarray_read_latency: 14.3869
subarray_write_latency: 920.761
subarray_write_energy: 110.592
subarray_area: 6270.57
l1_read_energy_per_bit: 1.44481
l1_write_energy_per_bit: 1.44481
l1_area: 1265.61
l2_read_energy_per_bit: 3336.69
l2_write_energy_per_bit: 64807.8
l2_area: 151157.0